$ 1 0.000005 13.097415321081861 56 5 50
r 464 160 464 224 0 6040
r 464 272 464 336 0 9300
v 96 288 96 208 0 0 40 5.2 0 0 0.5
w 96 288 96 336 0
w 96 160 160 160 3
w 96 160 96 208 0
f 208 288 256 288 0 1.5 0.02
f 352 224 352 160 9 1.5 0.02
w 464 160 368 160 2
r 256 224 256 176 0 10000
r 192 288 192 336 0 10000
w 160 288 192 288 0
w 192 288 208 288 0
w 256 304 256 336 0
w 256 176 256 160 0
w 256 224 256 272 0
w 352 224 256 224 0
w 256 160 336 160 0
w 96 336 192 336 0
w 192 336 256 336 0
w 256 336 464 336 0
p 528 256 528 336 1 0
w 528 336 464 336 0
w 528 256 464 256 0
w 464 224 464 256 0
w 464 256 464 272 0
p 32 208 32 288 1 0
w 32 288 96 288 0
w 32 208 96 208 0
s 160 288 160 160 0 1 false
w 160 160 256 160 0
